User,Delay,Throughput,EnergyConsumption,LostPackets,Jitter
1,0.170658,44.1173,618.884,3415,0.126958
2,0.281538,6.62187,1152.68,5612,0.110879
3,0.296983,2.2528,563.871,5868,0.0154452
4,0.291834,3.15733,363.479,5815,0.00514902
5,0.257731,1.40629,1957.98,5176,0.257731
6,0.260412,1.34315,386.666,5213,0.00268053
7,0.262862,1.30219,762.867,5237,0.00245041
8,0.268677,1.10251,1334.22,5354,0.00581497
9,0.249416,1.03083,1199.01,5396,0.019261
10,0.297616,1.04107,803.484,5939,0.0482002
